0000757034514973083417201904032023
0001545052559160796212201904032021
0002156601512119431512201904032022
0003985337973168977419201904032024
0004032510675962318818201904032023
0005517521636592744214201904032024
0006257702537500271310201904032021
0007702395812455951018201904032023
0008309475699455343519201904032021
0009804653439948126217201904032024
0010701493994143730712201904032021
0011709498192329022111201904032022
0012415576519926458710201904032021
0013060342705456762213201904032024
0014724922169160870916201904032024
0015383218005082483216201904032022
0016180069808785976519201904032022
0017924006921499568010201904032023
0018960059442778532614201904032023
0019386929169588481914201904032023
0020977459159186661310201904032021
0021144678536191157719201904032021
0022962544799113548018201904032022
0023056301993509401220201904032022
0024729764702039904513201904032022
0025105164912934669810201904032024
0026830371484015158719201904032024
0027220293634798460318201904032022
0028043506403245897920201904032022
0029830830520119835117201904032024
0030598540641023954012201904032022
0031789633210672540812201904032023
0032444237593170854513201904032021
0033015885429635045018201904032024
0034383982827913055319201904032021
0035713304158717535313201904032024
0036863542192200311020201904032024
0037353496218699975420201904032022
0038505070685391641011201904032021
0039385968108658433711201904032024
0040571724729714286515201904032022
0041885975678917205119201904032023
0042708724107146714817201904032021
0043028673493583467616201904032024
0044525021934655690515201904032023
0045442781245777407212201904032024
0046284735379051234915201904032021
0047332947653592726916201904032021
0048596396205309415316201904032024
0049045768857806228417201904032021
0050274648979239608516201904032024
0051415707999128817718201904032022
0052592842442533353714201904032022
0053530705974679190518201904032021
0054477423119884176513201904032023
0055963367959362515610201904032024
0056018331730532393520201904032024
0057864416224476548318201904032022
0058557857188327212310201904032024
0059237620578290985520201904032023
0060576596298207749713201904032024
0061372064834110508319201904032022
0062448485245066118815201904032021
0063536051209803125212201904032021
0064633515066511383720201904032024
0065965325183940845811201904032023
0066546093064186912014201904032021
0067882487401036504919201904032023
0068206701702757269711201904032024
0069219628797284785119201904032021
0070895698267664174718201904032021
0071323703771735201710201904032024
0072828348392514656719201904032022
0073159722993978839213201904032022
0074427052872626790417201904032024
0075217539643520720110201904032022
0076873190642329313814201904032022
0077052035138355049611201904032022
0078652675225951931319201904032024
0079163158100237533915201904032021
0080375767236990908013201904032024
0081770369189616769718201904032022
0082953901264687586016201904032023
0083151797960485549920201904032023
0084375084489997818312201904032023
0085288690939070702117201904032024
0086267362384101882015201904032023
0087023044168055687819201904032024
0088169572085611599511201904032024
0089897480641149617218201904032022
0090025468398386849511201904032021
0091831199637007378418201904032022
0092033544423869348413201904032024
0093387866944538435719201904032023
0094600123352392685112201904032021
0095016834003062300020201904032021
0096678133904381674518201904032023
0097170220425454107515201904032021
0098102035806532955414201904032021
0099316876041806190315201904032023
