000047235656042824111110000240009
000116700583052924111111100240092
000280719979052524111110000240076
000307203041052524111110000240065
000445486062032604111111009220096
000555721581031703111111109180096
000600637748052803111111009180030
000767044128052624111111100240006
000803889230003002111111109220076
000926446762001804111110009180096
001035096245052203111111109180025
001125514808022124111110000240035
001298953537051603111111108170056
001396965856052402111111009220037
001483602978013024111111100240068
001524393345002324111111100240081
001632282672052704111110008170064
001711910823002003111111108170042
001840508155042704111111009180033
001900698051022702111111008170038
002060337388032101111110009180087
002130913547022402111111108170100
002259981692021504111110008170030
002344438710032401111111109220085
002483164392033004111111109220072
002560997023032301111111109220065
002611696235052024111111100240081
002722363733042903111110009220015
002811273041012802111111009220069
002919585239011501111111009180039
003034144963031724111111000240077
003156359197052404111110009220003
003266626345053002111111108170001
003356737035011902111111008170040
003462450081031604111111009180033
003592010863052604111111109180046
003674391950042003111111109220034
003722862431011604111110009220041
003882249139012324111111000240020
003930677204041703111111008170021
004061692505022002111110008170097
004134101387013003111111008170085
004290723790051502111111108170029
004348676059032303111111009220006
004471099405022803111111009220061
004527346104022502111110008170038
004683514096051804111111008170088
004762306324002104111110009220087
004869578339013001111111009180087
004978648990032024111110000240080
005040154586002902111111109180020
005136555745033004111111109220093
005217384039042403111111109180002
005365026555013002111111009180038
005497668706041803111111109180095
005534003190002003111111109180000
005622821288012901111111009180020
005744691002031802111111109180054
005811740483031901111110009180064
005919815462011924111111100240100
006029107666023002111110008170071
006128218031012401111111109220033
006244696279041902111110009220002
006310257947052324111110000240088
006426603465022924111110000240004
006583182422012703111110009220087
006658867278022701111111109180036
006730771927053002111111008170067
006851434124021601111110009220050
006930532858002401111111009220063
007010134171022203111111108170049
007199744272003002111111109180039
007292078106052401111111109220083
007335937457041601111110009220098
007435322409011602111111109220029
007511817014012602111111108170000
007628800002032804111111008170036
007746493895012524111110000240042
007814115901041704111111008170092
007963487851042102111111108170061
008094430834032224111110000240033
008151403980021724111111000240058
008225549771022301111110009220080
008370483897042101111111009220032
008450180655032402111110008170029
008525546105032403111111109180059
008658626108032402111111008170017
008795392062032001111111109180029
008800519945033002111111008170014
008997245174012402111110008170075
009005197785012402111111008170094
009151013623052102111110009180011
009202574109032801111111008170089
009387918167052603111111009220047
009411278923031801111111008170097
009568999628032303111111009180046
009648722364032003111111109180015
009744909328012824111111100240093
009886683564041702111111009180090
009960319144042801111111009220088
